Conductor:  11
Curve: [0  ,-1  ,1  ,0  ,0  ]
Omega =  +9.257718117279796588540033559126470E +0
Regulator =  +5.556807357099399352629021109351015E -1
Product of c_p =  1
|Torsion| =  5
bsd =  +1.555500879585031858472055264541838E -1
 
Conductor:  12 + a
Curve: [1 + a  , a  ,1  ,-2  ,0  ]
Omega =  +7.610215929658408426486838801849068E +0
Regulator =  +2.018433583243230133863477249178686E -2
Product of c_p =  2
|Torsion| =  1
bsd =  +2.322321881715228339760611561054026E -1
 
Conductor:  5 - 10a
Curve: [0  ,1  ,1  ,-1  ,0  ]
Omega =  +6.974776820078928273512707381526282E +0
Regulator =  +3.673778021649732328235415934614138E -1
Product of c_p =  2
|Torsion| =  3
bsd =  +4.304390746587851685999003483851706E -1
 
Conductor:  10 + 5a
Curve: [0  ,1 - a  , a  ,-1  ,0  ]
Omega =  +6.689230455373732786333599019818159E +0
Regulator =  +1.562499715124208987671039494671276E -2
Product of c_p =  4
|Torsion| =  1
bsd =  +3.160363753679032923735022252706745E -1
 
